-1.065713283403874057e+00 -3.667490442099671788e-02 -4.157797378069453265e-01 2.082063997698034852e-01
3.519556059776985379e-01 -7.166527987802190358e-01 -7.658301903430779767e-01 1.117247487713846077e-01
1.743713938561377852e-01 2.446494340321219568e-02 4.278755013396125934e-02 2.244691961314492001e+00
-4.521814845929379434e-01 -1.411815043637695055e+00 3.557237257573024447e+00 4.702836774057849722e-01
3.614775519945830351e-01 -4.453353244027954960e-01 -1.258031654778317687e-01 -3.533847577147980479e-01
2.454751099865472852e-01 -6.907292385760560594e-01 -2.457846215033885895e-01 1.016498039446777080e+00
-7.816199606472106209e-01 -1.409725967509295019e+00 3.161159866432557419e-01 4.236537205137960727e-01
-2.152733182619756547e-02 -5.680694489459633401e-01 2.235631329723569982e-01 -2.128702610493453218e+00
-9.410808407287105659e-01 -2.360112576727340372e-01 -1.638876054110446123e+00 -4.588393452431656361e-02
-7.700053484671854909e-01 4.511008198983546547e-01 2.598503658040198339e+00 -5.162165439876454931e-01
